14245	676	825
14255	676	825
14265	676	825
14275	676	825
14285	676	825
14295	676	825
14305	676	825
14315	676	825
14325	676	825
14335	675	823
14345	675	823
14355	675	823
14367	675	823
14377	675	823
14387	675	823
14397	675	823
14407	675	823
14417	675	823
14427	675	823
14437	675	823
14447	675	823
14457	675	823
14467	675	823
14477	675	823
14487	675	823
14497	675	823
14507	675	823
14517	675	823
14527	677	826
14537	677	826
14547	677	826
14557	677	826
14567	677	826
14577	677	826
14599	677	826
14609	677	826
14619	677	826
14629	677	826
14639	677	826
14649	677	826
14659	677	826
14669	677	826
14679	677	826
14689	677	826
14699	677	826
14709	677	826
14719	677	826
14729	677	826
14739	677	826
14749	677	826
14759	677	826
14769	677	826
14779	677	826
14789	677	826
14799	677	826
14809	677	826
14819	677	826
14829	677	826
14839	677	826
14849	677	826
14859	677	826
14869	677	826
14879	677	826
14889	677	826
14899	677	826
14909	677	826
14919	677	826
14929	677	826
14939	677	826
14949	677	826
14959	677	826
14969	677	826
14979	677	826
14989	677	826
14999	677	826
15009	677	826
15019	677	826
15029	677	826
15039	677	826
15049	677	826
15059	677	826
15069	677	826
15079	677	826
15089	677	826
15099	677	826
15109	677	826
15119	677	826
15129	677	826
15139	677	826
15149	677	826
15159	677	826
15169	677	826
15179	677	826
15189	677	826
15199	677	826
15209	677	826
15219	677	826
15229	677	826
15239	677	826
15249	677	826
15259	677	826
15269	677	826
15279	677	826
15289	677	826
15299	677	826
15309	677	826
15319	677	826
15329	677	826
15339	677	826
15349	677	826
15359	677	826
15369	677	826
15379	677	826
15389	677	826
15399	677	826
15409	677	826
15419	677	826
15429	677	826
15439	677	826
15449	677	826
15459	677	826
15469	677	826
15479	677	826
15489	677	826
15499	677	826
15509	677	826
15519	677	826
15529	677	826
15539	677	826
15549	677	826
15559	677	826
15569	677	826
15579	677	826
15589	677	826
15599	677	826
15609	677	826
15619	677	826
15629	677	826
15639	677	826
15649	677	826
15659	677	826
15669	677	826
15679	677	826
15689	677	826
15699	677	826
15709	677	826
15719	677	826
15729	677	826
15739	677	826
15749	677	826
15759	677	826
15769	677	826
15779	677	826
15789	677	826
15799	677	826
15809	677	826
15819	677	826
15829	677	826
15839	677	826
15849	677	826
15859	677	826
15869	677	826
15879	677	826
15889	677	826
15899	677	826
15909	677	826
15919	677	826
15929	677	826
15939	677	826
15949	677	826
15959	677	826
15969	677	826
15979	677	826
15989	677	826
15999	677	826
16009	677	826
16019	677	826
16029	677	826
16039	677	826
16049	677	826
16059	677	826
16069	677	826
16079	677	826
16089	677	826
16099	677	826
16109	677	826
16119	677	826
16129	677	826
16139	677	826
16149	677	826
16159	677	826
16169	677	826
16179	677	826
16189	677	826
16199	677	826
16209	677	826
16219	677	826
16229	677	826
16239	677	826
16249	677	826
16259	677	826
16269	677	826
16279	677	826
16289	677	826
16299	677	826
16309	677	826
16319	677	826
16329	677	826
16339	677	826
16349	677	826
16359	677	826
16369	677	826
16379	677	826
16389	677	826
16399	677	826
16411	677	826
16421	677	826
16431	677	826
16441	677	826
16451	677	826
16461	677	826
16471	677	826
16481	677	826
16491	677	826
16501	677	826
16511	677	826
16521	677	826
16531	677	826
16541	677	826
16551	677	826
16561	677	826
16571	677	826
16581	677	826
16591	677	826
16601	676	825
16611	676	825
16621	676	825
16631	676	825
16641	676	825
16651	676	825
16661	676	825
16671	676	825
16681	676	825
16691	676	825
16701	676	825
16711	676	825
16721	676	825
16731	676	825
16741	676	825
16751	676	825
16761	676	825
16771	676	825
16781	676	825
16791	676	825
16801	676	825
16811	676	825
16821	676	825
16831	676	825
16841	676	825
16851	676	825
16861	676	825
16871	676	825
16881	676	825
16891	676	825
16901	676	825
16911	676	825
16921	676	825
16931	676	825
16941	676	825
16951	676	825
16961	676	825
16971	676	825
16981	676	825
16991	676	825
17001	676	825
17011	676	825
17021	676	825
17031	676	825
17041	676	825
17051	676	825
17061	676	825
17071	676	825
17081	676	825
17091	676	825
17101	676	825
17111	676	825
17121	676	825
17131	676	825
17141	676	825
17151	676	825
17161	676	825
17171	676	825
17181	676	825
17197	676	825
17207	676	825
17217	676	825
17227	676	825
17237	676	825
17247	676	825
17257	676	825
17267	676	825
17277	676	825
17287	676	825
17297	676	825
17307	676	825
17317	676	825
17327	676	825
17337	676	825
17347	676	825
17357	676	825
17367	676	825
17377	676	825
17387	676	825
17397	676	825
17407	676	825
17417	676	825
17427	676	825
17437	676	825
17447	676	825
17457	676	825
17467	676	825
17477	676	825
17487	676	825
17497	676	825
17507	676	825
17517	676	825
17527	676	825
17537	676	825
17547	676	825
17557	676	825
17567	676	825
17577	676	825
17587	676	825
17597	676	825
17607	676	825
17617	676	825
17627	676	825
17637	676	825
17647	676	825
17657	676	825
17667	676	825
17677	676	825
17687	676	825
17697	676	825
17707	676	825
17717	676	825
17727	676	825
17737	676	825
17747	676	825
17757	676	825
17767	676	825
17777	676	825
17787	676	825
17797	676	825
17807	676	825
17817	676	825
17827	676	825
17837	676	825
17847	676	825
17857	676	825
17867	676	825
17877	676	825
17887	676	825
17897	676	825
17907	676	825
17917	676	825
17927	676	825
17937	676	825
17947	676	825
17957	676	825
17967	676	825
17977	676	825
17987	676	825
17997	676	825
18007	676	825
18017	676	825
18027	676	825
18037	676	825
18047	676	825
18057	676	825
18067	676	825
18077	676	825
18087	676	825
18097	676	825
18107	676	825
18117	676	825
18127	676	825
18137	676	825
18147	676	825
18157	676	825
20	843	1025
32	843	1025
42	843	1025
52	843	1025
62	863	1049
72	863	1049
82	863	1049
92	863	1049
102	863	1049
113	863	1049
123	863	1049
133	863	1049
143	863	1049
153	863	1049
163	863	1049
173	863	1049
183	863	1049
193	863	1049
203	863	1049
213	863	1049
223	863	1049
233	867	1055
243	867	1055
253	867	1055
263	867	1055
273	867	1055
283	867	1055
293	867	1055
303	867	1055
Wed-Jul-03-2024=02:19:14	323	867	1055
Wed-Jul-03-2024 02:20:00	343	867	1055
Wed-Jul-03-2024 02:20:10	353	867	1055
Wed-Jul-03-2024 02:20:20	363	867	1055
03-07-2024 02:23:58	382	867	1055
